﻿Iteração,x1,x2,x3,x4,x5,x6,x7,x8,x9,Erro
1,12.500000,12.500000,37.500000,12.500000,-0.000000,25.000000,12.500000,12.500000,12.500000,37.500000
2,18.750000,25.000000,46.875000,18.750000,15.625000,37.500000,18.750000,18.750000,21.875000,15.625000
3,23.437500,32.812500,53.125000,25.781250,25.000000,46.093750,21.875000,26.562500,26.562500,9.375000
4,27.148438,37.890625,57.226562,30.078125,32.812500,51.171875,25.585938,30.859375,30.664062,7.812500
5,29.492188,41.796875,59.765625,33.886719,37.500000,55.175781,27.734375,34.765625,33.007812,4.687500
6,31.420898,44.189453,61.743164,36.181641,41.406250,57.568359,29.663086,37.060547,34.985352,3.906250
7,32.592773,46.142578,62.939453,38.122559,43.750000,59.533691,30.810547,39.013672,36.157227,2.343750
8,33.566284,47.320557,63.919067,39.288330,45.703125,60.711670,31.784058,40.179443,37.136841,1.953125
9,34.152222,48.297119,64.508057,40.263367,46.875000,61.689758,32.366943,41.156006,37.722778,1.171875
10,34.640121,48.883820,64.996719,40.848541,47.851562,62.276459,32.854843,41.741180,38.211441,0.976562
11,34.933090,49.372101,65.290070,41.336632,48.437500,62.764931,33.147430,42.229462,38.504410,0.585938
12,35.177183,49.665165,65.534258,41.629505,48.925781,63.057995,33.391523,42.522335,38.748598,0.488281
13,35.323668,49.909306,65.680790,41.873622,49.218750,63.302159,33.537960,42.766476,38.895082,0.292969
14,35.445732,50.055802,65.802866,42.020094,49.462891,63.448656,33.660024,42.912948,39.017159,0.244141
15,35.518974,50.177872,65.876114,42.142162,49.609375,63.570729,33.733261,43.035018,39.090401,0.146484
16,35.580008,50.251116,65.937150,42.215402,49.731445,63.643973,33.794295,43.108259,39.151437,0.122070
17,35.616630,50.312151,65.973772,42.276437,49.804688,63.705008,33.830915,43.169294,39.188058,0.073242
18,35.647147,50.348772,66.004290,42.313058,49.865723,63.741629,33.861433,43.205915,39.218576,0.061035
19,35.665458,50.379290,66.022600,42.343576,49.902344,63.772147,33.879743,43.236433,39.236886,0.036621
20,35.680716,50.397600,66.037859,42.361886,49.932861,63.790458,33.895002,43.254743,39.252145,0.030518
21,35.689872,50.412859,66.047015,42.377145,49.951172,63.805716,33.904157,43.270002,39.261300,0.018311
22,35.697501,50.422015,66.054644,42.386300,49.966431,63.814872,33.911787,43.279157,39.268930,0.015259
23,35.702079,50.429644,66.059222,42.393930,49.975586,63.822501,33.916364,43.286787,39.273507,0.009155
24,35.705893,50.434222,66.063036,42.398507,49.983215,63.827079,33.920179,43.291364,39.277322,0.007629
25,35.708182,50.438036,66.065325,42.402322,49.987793,63.830893,33.922468,43.295179,39.279611,0.004578
26,35.710090,50.440325,66.067232,42.404611,49.991608,63.833182,33.924375,43.297468,39.281518,0.003815
27,35.711234,50.442232,66.068377,42.406518,49.993896,63.835090,33.925520,43.299375,39.282663,0.002289
28,35.712188,50.443377,66.069330,42.407663,49.995804,63.836234,33.926473,43.300520,39.283616,0.001907
29,35.712760,50.444330,66.069903,42.408616,49.996948,63.837188,33.927046,43.301473,39.284188,0.001144
30,35.713237,50.444903,66.070380,42.409188,49.997902,63.837760,33.927522,43.302046,39.284665,0.000954
31,35.713523,50.445380,66.070666,42.409665,49.998474,63.838237,33.927808,43.302522,39.284951,0.000572
32,35.713761,50.445666,66.070904,42.409951,49.998951,63.838523,33.928047,43.302808,39.285190,0.000477
33,35.713904,50.445904,66.071047,42.410190,49.999237,63.838761,33.928190,43.303047,39.285333,0.000286
34,35.714023,50.446047,66.071166,42.410333,49.999475,63.838904,33.928309,43.303190,39.285452,0.000238
35,35.714095,50.446166,66.071238,42.410452,49.999619,63.839023,33.928381,43.303309,39.285524,0.000143
36,35.714155,50.446238,66.071297,42.410524,49.999738,63.839095,33.928440,43.303381,39.285583,0.000119
37,35.714190,50.446297,66.071333,42.410583,49.999809,63.839155,33.928476,43.303440,39.285619,0.000072
38,35.714220,50.446333,66.071363,42.410619,49.999869,63.839190,33.928506,43.303476,39.285649,0.000060
39,35.714238,50.446363,66.071381,42.410649,49.999905,63.839220,33.928524,43.303506,39.285667,0.000036
40,35.714253,50.446381,66.071396,42.410667,49.999934,63.839238,33.928539,43.303524,39.285682,0.000030
41,35.714262,50.446396,66.071405,42.410682,49.999952,63.839253,33.928548,43.303539,39.285690,0.000018
42,35.714269,50.446405,66.071412,42.410690,49.999967,63.839262,33.928555,43.303548,39.285698,0.000015
43,35.714274,50.446412,66.071417,42.410698,49.999976,63.839269,33.928560,43.303555,39.285702,0.000009
44,35.714278,50.446417,66.071420,42.410702,49.999984,63.839274,33.928563,43.303560,39.285706,0.000007
45,35.714280,50.446420,66.071423,42.410706,49.999988,63.839278,33.928565,43.303563,39.285708,0.000004
46,35.714282,50.446423,66.071424,42.410708,49.999992,63.839280,33.928567,43.303565,39.285710,0.000004
47,35.714283,50.446424,66.071426,42.410710,49.999994,63.839282,33.928568,43.303567,39.285711,0.000002
48,35.714284,50.446426,66.071427,42.410711,49.999996,63.839283,33.928569,43.303568,39.285712,0.000002
49,35.714284,50.446427,66.071427,42.410712,49.999997,63.839284,33.928570,43.303569,39.285713,0.000001
50,35.714285,50.446427,66.071428,42.410713,49.999998,63.839284,33.928570,43.303570,39.285713,0.000001
